playerName;position;age;games;fieldGoals;fieldPercent;threeAttempts;threePercent;twoAttempts;ftAttempts;ftPercent;totalRb;assists;steals;blocks;turnovers;personalFouls;points;team;season;fieldpts;threepts;twopts;ftpts;rings;_merge
LeBron James;PF;38;16;147;0,498;106;0,264;189;92;0,761;158;104;17;18;40;28;392;LAL;2023;146,91;27,984;119,07000000000001;70,012;0,0;left_only
LeBron James;PG;36;6;54;0,474;48;0,375;66;23;0,609;43;48;9;2;25;7;140;LAL;2021;54,035999999999994;18,0;35,970000000000006;14,007;0,0;left_only
LeBron James;PG;35;21;214;0,56;119;0,37;263;150;0,72;226;184;26;18;84;40;580;LAL;2020;213,92000000000002;44,03;169,898;108,0;1,0;both
LeBron James;PF;33;22;275;0,539;114;0,342;396;213;0,746;200;198;30;23;94;52;748;CLE;2018;274,89000000000004;38,988;236,016;158,898;0,0;left_only
LeBron James;SF;32;18;217;0,565;107;0,411;277;162;0,698;164;141;35;23;72;43;591;CLE;2017;216,95999999999998;43,977;173,125;113,076;0,0;left_only
LeBron James;SF;31;21;219;0,525;94;0,34;323;124;0,661;200;160;49;27;75;54;552;CLE;2016;218,925;31,96;187,017;81,964;1,0;both
LeBron James;SF;30;20;227;0,417;110;0,227;434;167;0,731;226;169;33;21;82;58;601;CLE;2015;226,84799999999998;24,970000000000002;201,81;122,077;0,0;left_only
LeBron James;PF;29;20;192;0,565;86;0,407;254;160;0,806;141;95;36;11;61;46;548;MIA;2014;192,1;35,001999999999995;156,972;128,96;0,0;left_only
LeBron James;PF;28;23;212;0,491;96;0,375;336;175;0,777;193;152;41;18;70;43;596;MIA;2013;212,112;36,0;176,06400000000002;135,975;1,0;both
LeBron James;SF;27;23;251;0,5;85;0,259;417;234;0,739;224;129;43;16;81;47;697;MIA;2012;251,0;22,015;228,93300000000002;172,926;1,0;both
LeBron James;SF;26;21;174;0,466;85;0,353;288;156;0,763;176;123;35;25;66;56;497;MIA;2011;173,818;30,005;144,0;119,028;0,0;left_only
LeBron James;SF;25;11;106;0,502;50;0,4;161;120;0,733;102;84;19;20;42;23;320;CLE;2010;105,922;20,0;85,974;87,96;0,0;left_only
LeBron James;SF;24;14;159;0,51;81;0,333;231;199;0,749;128;102;23;12;38;30;494;CLE;2009;159,12;26,973000000000003;131,90099999999998;149,051;0,0;left_only
LeBron James;SF;23;13;113;0,411;70;0,257;205;167;0,731;102;99;23;17;54;33;366;CLE;2008;113,02499999999999;17,990000000000002;94,915;122,077;0,0;left_only
LeBron James;SF;22;20;166;0,416;75;0,28;324;196;0,755;161;159;34;10;66;40;501;CLE;2007;165,98399999999998;21,000000000000004;145,15200000000002;147,98;0,0;left_only
LeBron James;SF;21;13;146;0,476;63;0,333;244;118;0,737;105;76;18;9;65;44;400;CLE;2006;146,132;20,979000000000003;124,928;86,966;0,0;left_only
LeBron James;PF;39;5;56;0,566;26;0,385;73;23;0,739;34;44;12;5;19;11;139;LAL;2024;56,03399999999999;10,01;45,99;16,997;0,0;left_only
Kobe Bryant;SG;33;12;132;0,439;60;0,283;241;95;0,832;58;52;16;2;34;33;360;LAL;2012;132,139;16,979999999999997;114,957;79,03999999999999;0,0;left_only
Kobe Bryant;SG;32;10;83;0,446;41;0,293;145;61;0,82;34;33;16;3;31;23;228;LAL;2011;82,956;12,013;71,05;50,019999999999996;0,0;left_only
Kobe Bryant;SG;31;23;234;0,458;131;0,374;380;183;0,842;138;126;31;16;79;75;671;LAL;2010;234,038;48,994;185,06;154,08599999999998;1,0;both
Kobe Bryant;SG;30;23;242;0,457;106;0,349;424;197;0,883;123;126;38;21;59;59;695;LAL;2009;242,21;36,994;204,792;173,951;1,0;both
Kobe Bryant;SG;29;21;222;0,479;106;0,302;357;194;0,809;119;117;35;8;70;59;633;LAL;2008;221,777;32,012;189,924;156,946;0,0;left_only
Kobe Bryant;SG;28;5;60;0,462;28;0,357;102;37;0,919;26;22;5;2;22;10;164;LAL;2007;60,06;9,995999999999999;49,98;34,003;0,0;left_only
Kobe Bryant;SG;27;7;72;0,497;35;0,4;110;48;0,771;44;36;8;3;33;25;195;LAL;2006;72,065;14,0;57,970000000000006;37,008;0,0;left_only
Kobe Bryant;SG;25;22;190;0,413;97;0,247;363;166;0,813;104;121;42;7;61;59;539;LAL;2004;189,98;23,959;165,89100000000002;134,958;0,0;left_only
Kobe Bryant;SG;24;12;137;0,432;62;0,403;255;104;0,827;61;62;14;1;42;35;385;LAL;2003;136,944;24,986;111,94500000000001;86,008;0,0;left_only
Kobe Bryant;SG;23;19;187;0,434;58;0,379;373;145;0,759;111;87;27;17;54;65;506;LAL;2002;187,054;21,982;164,866;110,055;1,0;both
Kobe Bryant;SG;22;16;168;0,469;34;0,324;324;151;0,821;116;97;25;12;51;53;471;LAL;2001;167,902;11,016;157,14;123,97099999999999;1,0;both
Kobe Bryant;SG;21;22;174;0,442;64;0,344;330;126;0,754;98;97;32;32;55;89;465;LAL;2000;174,148;22,016;152,13;95,004;1,0;both
Kobe Bryant;SG;20;8;61;0,43;23;0,348;119;35;0,8;55;37;15;10;31;24;158;LAL;1999;61,06;8,004;52,955;28,0;0,0;left_only
Kobe Bryant;SF;19;11;31;0,408;14;0,214;62;45;0,689;21;16;3;8;11;28;96;LAL;1998;31,008;2,996;28,024;31,005;0,0;left_only
Kobe Bryant;SF;18;9;21;0,382;23;0,261;32;30;0,867;11;11;3;2;14;23;74;LAL;1997;21,01;6,003;15,008;26,009999999999998;0,0;left_only
Michael Jordan;SG;34;21;243;0,462;43;0,302;483;223;0,812;107;74;32;12;45;47;680;CHI;1998;243,012;12,985999999999999;229,908;181,07600000000002;1,0;both
Michael Jordan;SG;33;19;227;0,456;67;0,194;431;148;0,831;150;91;30;17;49;46;590;CHI;1997;227,08800000000002;12,998000000000001;214,207;122,988;1,0;both
Michael Jordan;SG;32;18;187;0,459;62;0,403;345;187;0,818;89;74;33;6;42;49;552;CHI;1996;186,81300000000002;24,986;162,14999999999998;152,96599999999998;1,0;both
Michael Jordan;SG;31;10;120;0,484;30;0,367;218;79;0,81;65;45;23;14;41;30;315;CHI;1995;120,032;11,01;109,0;63,99;0,0;left_only
Michael Jordan;SG;29;19;251;0,475;72;0,389;456;169;0,805;128;114;39;17;45;58;666;CHI;1993;250,79999999999998;28,008000000000003;222,984;136,04500000000002;1,0;both
Michael Jordan;SG;21;4;78;43,6;8;12,5;70;58;82,8;23;34;11;4;15;15;117;CHI;1985;34,0;1,0;33,0;48,0;0,0;left_only
Michael Jordan;SG;22;3;95;50,5;1;100,0;94;39;87,2;19;17;7;4;14;13;131;CHI;1986;48,0;1,0;47,0;34,0;0,0;left_only
Michael Jordan;SG;23;3;84;41,7;5;40,0;79;39;89,7;21;18;6;7;8;11;107;CHI;1987;35,0;2,0;33,0;35,0;0,0;left_only
Michael Jordan;SG;24;10;260;53,1;3;33,3;257;99;86,9;71;47;24;11;39;38;363;CHI;1988;138,0;1,0;137,0;86,0;0,0;left_only
Michael Jordan;SG;25;17;390;51,0;35;28,6;355;229;79,9;119;130;42;13;68;65;591;CHI;1989;199,0;10,0;189,0;183,0;0,0;left_only
Michael Jordan;SG;26;16;426;51,4;50;32,0;376;159;83,6;115;109;45;14;56;54;587;CHI;1990;219,0;16,0;203,0;133,0;0,0;left_only
Michael Jordan;SG;27;17;376;52,4;26;38,5;350;148;84,5;108;142;40;23;43;53;529;CHI;1991;197,0;10,0;187,0;125,0;1,0;both
Michael Jordan;SG;28;22;581;49,9;44;38,6;537;189;85,7;137;127;44;16;81;62;759;CHI;1992;290,0;17,0;273,0;162,0;1,0;both
