playerName;position;age;games;fieldGoals;fieldPercent;threeAttempts;threePercent;twoAttempts;ftAttempts;ftPercent;team;season;rings;Pts per game;totalRb per game;assists per game;steals per game;blocks per game;turnovers per game;personalFouls per game;fieldpts per game;threepts per game;twopts per game;ftpts per game
LeBron James;PF;38;16;147;0,498;106;0,264;189;92;0,761;LAL;2023;0,0;24,5;9,875;6,5;1,0625;1,125;2,5;1,75;9,181875;1,749;7,4418750000000005;4,37575
LeBron James;PG;36;6;54;0,474;48;0,375;66;23;0,609;LAL;2021;0,0;23,333333333333332;7,166666666666667;8,0;1,5;0,3333333333333333;4,166666666666667;1,1666666666666667;9,005999999999998;3,0;5,995000000000001;2,3345
LeBron James;PG;35;21;214;0,56;119;0,37;263;150;0,72;LAL;2020;1,0;27,61904761904762;10,761904761904763;8,761904761904763;1,2380952380952381;0,8571428571428571;4,0;1,9047619047619047;10,186666666666667;2,0966666666666667;8,090380952380952;5,142857142857143
LeBron James;PF;33;22;275;0,539;114;0,342;396;213;0,746;CLE;2018;0,0;34,0;9,090909090909092;9,0;1,3636363636363635;1,0454545454545454;4,2727272727272725;2,3636363636363638;12,495000000000003;1,772181818181818;10,728;7,222636363636363
LeBron James;SF;32;18;217;0,565;107;0,411;277;162;0,698;CLE;2017;0,0;32,833333333333336;9,11111111111111;7,833333333333333;1,9444444444444444;1,2777777777777777;4,0;2,388888888888889;12,053333333333333;2,4431666666666665;9,618055555555555;6,282
LeBron James;SF;31;21;219;0,525;94;0,34;323;124;0,661;CLE;2016;1,0;26,285714285714285;9,523809523809524;7,619047619047619;2,3333333333333335;1,2857142857142858;3,5714285714285716;2,5714285714285716;10,425;1,5219047619047619;8,90557142857143;3,903047619047619
LeBron James;SF;30;20;227;0,417;110;0,227;434;167;0,731;CLE;2015;0,0;30,05;11,3;8,45;1,65;1,05;4,1;2,9;11,3424;1,2485000000000002;10,0905;6,1038499999999996
LeBron James;PF;29;20;192;0,565;86;0,407;254;160;0,806;MIA;2014;0,0;27,4;7,05;4,75;1,8;0,55;3,05;2,3;9,605;1,7500999999999998;7,8486;6,448
LeBron James;PF;28;23;212;0,491;96;0,375;336;175;0,777;MIA;2013;1,0;25,91304347826087;8,391304347826088;6,608695652173913;1,7826086956521738;0,782608695652174;3,0434782608695654;1,8695652173913044;9,222260869565217;1,565217391304348;7,654956521739131;5,91195652173913
LeBron James;SF;27;23;251;0,5;85;0,259;417;234;0,739;MIA;2012;1,0;30,304347826086957;9,73913043478261;5,608695652173913;1,8695652173913044;0,6956521739130435;3,5217391304347827;2,0434782608695654;10,91304347826087;0,9571739130434783;9,953608695652175;7,518521739130434
LeBron James;SF;26;21;174;0,466;85;0,353;288;156;0,763;MIA;2011;0,0;23,666666666666668;8,380952380952381;5,857142857142857;1,6666666666666667;1,1904761904761905;3,142857142857143;2,6666666666666665;8,27704761904762;1,4288095238095238;6,857142857142857;5,668
LeBron James;SF;25;11;106;0,502;50;0,4;161;120;0,733;CLE;2010;0,0;29,09090909090909;9,272727272727273;7,636363636363637;1,7272727272727273;1,8181818181818181;3,8181818181818183;2,090909090909091;9,629272727272728;1,8181818181818181;7,815818181818182;7,996363636363636
LeBron James;SF;24;14;159;0,51;81;0,333;231;199;0,749;CLE;2009;0,0;35,285714285714285;9,142857142857142;7,285714285714286;1,6428571428571428;0,8571428571428571;2,7142857142857144;2,142857142857143;11,365714285714287;1,9266428571428573;9,421499999999998;10,6465
LeBron James;SF;23;13;113;0,411;70;0,257;205;167;0,731;CLE;2008;0,0;28,153846153846153;7,846153846153846;7,615384615384615;1,7692307692307692;1,3076923076923077;4,153846153846154;2,5384615384615383;8,694230769230769;1,383846153846154;7,301153846153847;9,390538461538462
LeBron James;SF;22;20;166;0,416;75;0,28;324;196;0,755;CLE;2007;0,0;25,05;8,05;7,95;1,7;0,5;3,3;2,0;8,299199999999999;1,0500000000000003;7,257600000000001;7,398999999999999
LeBron James;SF;21;13;146;0,476;63;0,333;244;118;0,737;CLE;2006;0,0;30,76923076923077;8,076923076923077;5,846153846153846;1,3846153846153846;0,6923076923076923;5,0;3,3846153846153846;11,240923076923078;1,613769230769231;9,609846153846153;6,689692307692307
LeBron James;PF;39;5;56;0,566;26;0,385;73;23;0,739;LAL;2024;0,0;27,8;6,8;8,8;2,4;1,0;3,8;2,2;11,206799999999998;2,002;9,198;3,3994
Kobe Bryant;SG;33;12;132;0,439;60;0,283;241;95;0,832;LAL;2012;0,0;30,0;4,833333333333333;4,333333333333333;1,3333333333333333;0,16666666666666666;2,8333333333333335;2,75;11,011583333333334;1,4149999999999998;9,579749999999999;6,586666666666666
Kobe Bryant;SG;32;10;83;0,446;41;0,293;145;61;0,82;LAL;2011;0,0;22,8;3,4;3,3;1,6;0,3;3,1;2,3;8,2956;1,2013;7,1049999999999995;5,002
Kobe Bryant;SG;31;23;234;0,458;131;0,374;380;183;0,842;LAL;2010;1,0;29,17391304347826;6,0;5,478260869565218;1,3478260869565217;0,6956521739130435;3,4347826086956523;3,260869565217391;10,175565217391306;2,1301739130434783;8,046086956521739;6,6993913043478255
Kobe Bryant;SG;30;23;242;0,457;106;0,349;424;197;0,883;LAL;2009;1,0;30,217391304347824;5,3478260869565215;5,478260869565218;1,6521739130434783;0,9130434782608695;2,5652173913043477;2,5652173913043477;10,530869565217392;1,6084347826086955;8,904;7,5630869565217385
Kobe Bryant;SG;29;21;222;0,479;106;0,302;357;194;0,809;LAL;2008;0,0;30,142857142857142;5,666666666666667;5,571428571428571;1,6666666666666667;0,38095238095238093;3,3333333333333335;2,8095238095238093;10,560809523809523;1,5243809523809524;9,044;7,473619047619048
Kobe Bryant;SG;28;5;60;0,462;28;0,357;102;37;0,919;LAL;2007;0,0;32,8;5,2;4,4;1,0;0,4;4,4;2,0;12,012;1,9991999999999996;9,995999999999999;6,8006
Kobe Bryant;SG;27;7;72;0,497;35;0,4;110;48;0,771;LAL;2006;0,0;27,857142857142858;6,285714285714286;5,142857142857143;1,1428571428571428;0,42857142857142855;4,714285714285714;3,5714285714285716;10,295;2,0;8,281428571428572;5,286857142857143
Kobe Bryant;SG;25;22;190;0,413;97;0,247;363;166;0,813;LAL;2004;0,0;24,5;4,7272727272727275;5,5;1,9090909090909092;0,3181818181818182;2,772727272727273;2,6818181818181817;8,635454545454545;1,0890454545454544;7,540500000000001;6,134454545454545
Kobe Bryant;SG;24;12;137;0,432;62;0,403;255;104;0,827;LAL;2003;0,0;32,083333333333336;5,083333333333333;5,166666666666667;1,1666666666666667;0,08333333333333333;3,5;2,9166666666666665;11,411999999999999;2,0821666666666667;9,328750000000001;7,167333333333333
Kobe Bryant;SG;23;19;187;0,434;58;0,379;373;145;0,759;LAL;2002;1,0;26,63157894736842;5,842105263157895;4,578947368421052;1,4210526315789473;0,8947368421052632;2,8421052631578947;3,4210526315789473;9,844947368421053;1,1569473684210525;8,677157894736842;5,792368421052632
Kobe Bryant;SG;22;16;168;0,469;34;0,324;324;151;0,821;LAL;2001;1,0;29,4375;7,25;6,0625;1,5625;0,75;3,1875;3,3125;10,493875;0,6885;9,82125;7,748187499999999
Kobe Bryant;SG;21;22;174;0,442;64;0,344;330;126;0,754;LAL;2000;1,0;21,136363636363637;4,454545454545454;4,409090909090909;1,4545454545454546;1,4545454545454546;2,5;4,045454545454546;7,915818181818182;1,0007272727272727;6,915;4,318363636363636
Kobe Bryant;SG;20;8;61;0,43;23;0,348;119;35;0,8;LAL;1999;0,0;19,75;6,875;4,625;1,875;1,25;3,875;3,0;7,6325;1,0005;6,619375;3,5
Kobe Bryant;SF;19;11;31;0,408;14;0,214;62;45;0,689;LAL;1998;0,0;8,727272727272727;1,9090909090909092;1,4545454545454546;0,2727272727272727;0,7272727272727273;1,0;2,5454545454545454;2,818909090909091;0,27236363636363636;2,547636363636364;2,8186363636363634
Kobe Bryant;SF;18;9;21;0,382;23;0,261;32;30;0,867;LAL;1997;0,0;8,222222222222221;1,2222222222222223;1,2222222222222223;0,3333333333333333;0,2222222222222222;1,5555555555555556;2,5555555555555554;2,3344444444444448;0,667;1,6675555555555555;2,8899999999999997
Michael Jordan;SG;34;21;243;0,462;43;0,302;483;223;0,812;CHI;1998;1,0;32,38095238095238;5,095238095238095;3,5238095238095237;1,5238095238095237;0,5714285714285714;2,142857142857143;2,238095238095238;11,572;0,6183809523809524;10,947999999999999;8,622666666666667
Michael Jordan;SG;33;19;227;0,456;67;0,194;431;148;0,831;CHI;1997;1,0;31,05263157894737;7,894736842105263;4,7894736842105265;1,5789473684210527;0,8947368421052632;2,5789473684210527;2,4210526315789473;11,952000000000002;0,6841052631578948;11,274052631578947;6,473052631578947
Michael Jordan;SG;32;18;187;0,459;62;0,403;345;187;0,818;CHI;1996;1,0;30,666666666666668;4,944444444444445;4,111111111111111;1,8333333333333333;0,3333333333333333;2,3333333333333335;2,7222222222222223;10,3785;1,388111111111111;9,008333333333333;8,49811111111111
Michael Jordan;SG;31;10;120;0,484;30;0,367;218;79;0,81;CHI;1995;0,0;31,5;6,5;4,5;2,3;1,4;4,1;3,0;12,0032;1,101;10,9;6,399
Michael Jordan;SG;29;19;251;0,475;72;0,389;456;169;0,805;CHI;1993;1,0;35,05263157894737;6,7368421052631575;6,0;2,0526315789473686;0,8947368421052632;2,3684210526315788;3,0526315789473686;13,2;1,4741052631578948;11,736;7,160263157894738
Michael Jordan;SG;21;4;78;43,6;8;12,5;70;58;82,8;CHI;1985;0,0;29,25;5,75;8,5;2,75;1,0;3,75;3,75;8,5;0,25;8,25;12,0
Michael Jordan;SG;22;3;95;50,5;1;100,0;94;39;87,2;CHI;1986;0,0;43,666666666666664;6,333333333333333;5,666666666666667;2,3333333333333335;1,3333333333333333;4,666666666666667;4,333333333333333;16,0;0,3333333333333333;15,666666666666666;11,333333333333334
Michael Jordan;SG;23;3;84;41,7;5;40,0;79;39;89,7;CHI;1987;0,0;35,666666666666664;7,0;6,0;2,0;2,3333333333333335;2,6666666666666665;3,6666666666666665;11,666666666666666;0,6666666666666666;11,0;11,666666666666666
Michael Jordan;SG;24;10;260;53,1;3;33,3;257;99;86,9;CHI;1988;0,0;36,3;7,1;4,7;2,4;1,1;3,9;3,8;13,8;0,1;13,7;8,6
Michael Jordan;SG;25;17;390;51,0;35;28,6;355;229;79,9;CHI;1989;0,0;34,76470588235294;7,0;7,647058823529412;2,4705882352941178;0,7647058823529411;4,0;3,823529411764706;11,705882352941176;0,5882352941176471;11,117647058823529;10,764705882352942
Michael Jordan;SG;26;16;426;51,4;50;32,0;376;159;83,6;CHI;1990;0,0;36,6875;7,1875;6,8125;2,8125;0,875;3,5;3,375;13,6875;1,0;12,6875;8,3125
Michael Jordan;SG;27;17;376;52,4;26;38,5;350;148;84,5;CHI;1991;1,0;31,11764705882353;6,352941176470588;8,352941176470589;2,3529411764705883;1,3529411764705883;2,5294117647058822;3,1176470588235294;11,588235294117647;0,5882352941176471;11,0;7,352941176470588
Michael Jordan;SG;28;22;581;49,9;44;38,6;537;189;85,7;CHI;1992;1,0;34,5;6,2272727272727275;5,7727272727272725;2,0;0,7272727272727273;3,6818181818181817;2,8181818181818183;13,181818181818182;0,7727272727272727;12,409090909090908;7,363636363636363
