playerName;position;age;games;fieldGoals;fieldPercent;threeAttempts;threePercent;twoAttempts;ftAttempts;ftPercent;totalRb;assists;steals;blocks;turnovers;personalFouls;points;team;season;fieldpts;threepts;twopts;ftpts;pts per game;totalRb per game;assists per game;steals per game;blocks per game
LeBron James;PF;38;55;609;0,5;377;0,321;842;327;0,768;457;375;50;32;178;88;1590;LAL;2023;609,5;121,017;488,35999999999996;251,136;28,90909090909091;8,309090909090909;6,818181818181818;0,9090909090909091;0,5818181818181818
LeBron James;C;37;56;640;0,524;448;0,359;773;336;0,756;459;349;73;59;196;121;1695;LAL;2022;639,804;160,832;479,26;254,016;30,267857142857142;8,196428571428571;6,232142857142857;1,3035714285714286;1,0535714285714286
LeBron James;PG;36;45;422;0,513;285;0,365;538;255;0,698;346;350;48;25;168;70;1126;LAL;2021;422,199;104,02499999999999;317,95799999999997;177,98999999999998;25,022222222222222;7,688888888888889;7,777777777777778;1,0666666666666667;0,5555555555555556
LeBron James;PG;35;67;643;0,493;425;0,348;878;381;0,693;525;684;78;36;261;118;1698;LAL;2020;642,379;147,89999999999998;495,19199999999995;264,03299999999996;25,34328358208955;7,835820895522388;10,208955223880597;1,164179104477612;0,5373134328358209
LeBron James;SF;34;55;558;0,51;327;0,339;768;418;0,665;465;454;72;33;197;94;1505;LAL;2019;558,45;110,85300000000001;446,976;277,97;27,363636363636363;8,454545454545455;8,254545454545454;1,309090909090909;0,6
LeBron James;PF;33;82;857;0,542;406;0,367;1174;531;0,731;709;747;116;71;347;136;2251;CLE;2018;856,36;149,002;707,922;388,161;27,451219512195124;8,646341463414634;9,109756097560975;1,4146341463414633;0,8658536585365854
LeBron James;SF;32;74;736;0,548;342;0,363;1002;531;0,674;639;646;92;44;303;134;1954;CLE;2017;736,5120000000001;124,146;612,222;357,894;26,405405405405407;8,635135135135135;8,72972972972973;1,2432432432432432;0,5945945945945946
LeBron James;SF;31;76;737;0,52;282;0,309;1134;491;0,731;565;514;104;49;249;143;1920;CLE;2016;736,32;87,138;649,7819999999999;358,921;25,263157894736842;7,434210526315789;6,7631578947368425;1,368421052631579;0,6447368421052632
LeBron James;SF;30;69;624;0,488;339;0,354;940;528;0,71;416;511;109;49;272;135;1743;CLE;2015;624,1519999999999;120,006;503,84000000000003;374,88;25,26086956521739;6,028985507246377;7,405797101449275;1,5797101449275361;0,7101449275362319
LeBron James;PF;29;77;767;0,567;306;0,379;1047;585;0,75;533;488;121;26;270;126;2089;MIA;2014;767,151;115,974;651,234;438,75;27,12987012987013;6,922077922077922;6,337662337662338;1,5714285714285714;0,33766233766233766
LeBron James;PF;28;76;765;0,565;254;0,406;1100;535;0,753;610;551;129;67;226;110;2036;MIA;2013;765,0099999999999;103,12400000000001;662,1999999999999;402,855;26,789473684210527;8,026315789473685;7,25;1,6973684210526316;0,881578947368421
LeBron James;SF;27;62;621;0,531;149;0,362;1020;502;0,771;492;387;115;50;213;96;1683;MIA;2012;620,739;53,937999999999995;567,12;387,04200000000003;27,14516129032258;7,935483870967742;6,241935483870968;1,8548387096774193;0,8064516129032258
LeBron James;SF;26;79;758;0,51;279;0,33;1206;663;0,759;590;554;124;50;284;163;2111;MIA;2011;757,35;92,07000000000001;665,7120000000001;503,217;26,72151898734177;7,468354430379747;7,012658227848101;1,5696202531645569;0,6329113924050633
LeBron James;SF;25;76;768;0,503;387;0,333;1141;773;0,767;554;651;125;77;261;119;2258;CLE;2010;768,5840000000001;128,871;638,96;592,891;29,710526315789473;7,2894736842105265;8,56578947368421;1,644736842105263;1,013157894736842
LeBron James;SF;24;81;789;0,489;384;0,344;1229;762;0,78;613;587;137;93;241;139;2304;CLE;2009;788,757;132,096;657,515;594,36;28,444444444444443;7,567901234567901;7,246913580246914;1,691358024691358;1,1481481481481481
LeBron James;SF;23;75;794;0,484;359;0,315;1283;771;0,712;592;539;138;81;255;165;2250;CLE;2008;794,728;113,085;681,273;548,952;30,0;7,8933333333333335;7,1866666666666665;1,84;1,08
LeBron James;SF;22;78;772;0,476;310;0,319;1311;701;0,698;526;470;125;55;250;171;2132;CLE;2007;771,596;98,89;672,543;489,29799999999994;27,333333333333332;6,743589743589744;6,0256410256410255;1,6025641025641026;0,7051282051282052
LeBron James;SF;21;79;875;0,48;379;0,335;1444;814;0,738;556;521;123;66;260;181;2478;CLE;2006;875,04;126,965;747,9920000000001;600,732;31,367088607594937;7,037974683544304;6,594936708860759;1,5569620253164558;0,8354430379746836
LeBron James;SF;20;80;795;0,472;308;0,351;1376;636;0,75;588;577;177;52;262;146;2175;CLE;2005;794,848;108,10799999999999;686,624;477,0;27,1875;7,35;7,2125;2,2125;0,65
LeBron James;SG;19;79;622;0,417;217;0,29;1275;460;0,754;432;465;130;58;273;149;1654;CLE;2004;622,164;62,92999999999999;558,45;346,84;20,936708860759495;5,468354430379747;5,886075949367089;1,6455696202531647;0,7341772151898734
LeBron James;PF;39;71;685;0,54;363;0,41;906;404;0,75;518;589;89;38;245;78;1822;LAL;2024;685,26;148,82999999999998;536,352;303,0;25,661971830985916;7,295774647887324;8,295774647887324;1,2535211267605635;0,5352112676056338
LeBron James;SF;40;48;448;0,516;271;0,395;597;216;0,759;371;431;42;24;184;69;1167;LAL;2025;447,88800000000003;107,045;340,88699999999994;163,944;24,3125;7,729166666666667;8,979166666666666;0,875;0,5
Kobe Bryant;SF;37;66;398;0,358;467;0,285;646;281;0,826;247;184;62;13;129;115;1161;LAL;2016;398,454;133,095;264,85999999999996;232,106;17,59090909090909;3,742424242424242;2,787878787878788;0,9393939393939394;0,19696969696969696
Kobe Bryant;SG;36;35;266;0,373;184;0,293;529;241;0,813;199;197;47;7;128;65;782;LAL;2015;265,949;53,912;212,12900000000002;195,933;22,34285714285714;5,685714285714286;5,628571428571429;1,3428571428571427;0,2
Kobe Bryant;SG;35;6;31;0,425;16;0,188;57;21;0,857;26;38;7;1;34;9;83;LAL;2014;31,025;3,008;27,987;17,997;13,833333333333334;4,333333333333333;6,333333333333333;1,1666666666666667;0,16666666666666666
Kobe Bryant;SG;34;78;738;0,463;407;0,324;1188;626;0,839;433;469;106;25;287;173;2133;LAL;2013;738,485;131,868;605,88;525,2139999999999;27,346153846153847;5,551282051282051;6,012820512820513;1,358974358974359;0,32051282051282054
Kobe Bryant;SG;33;58;574;0,43;287;0,303;1049;451;0,845;313;264;69;18;204;105;1616;LAL;2012;574,48;86,961;486,73600000000005;381,09499999999997;27,862068965517242;5,396551724137931;4,551724137931035;1,1896551724137931;0,3103448275862069
Kobe Bryant;SG;32;82;740;0,451;356;0,323;1283;583;0,828;419;388;99;12;243;172;2078;LAL;2011;739,189;114,988;624,821;482,724;25,341463414634145;5,109756097560975;4,7317073170731705;1,2073170731707317;0,14634146341463414
Kobe Bryant;SG;31;73;716;0,456;301;0,329;1268;541;0,811;391;365;113;20;233;187;1970;LAL;2010;715,464;99,02900000000001;617,516;438,75100000000003;26,986301369863014;5,3561643835616435;5,0;1,547945205479452;0,273972602739726
Kobe Bryant;SG;30;82;800;0,467;336;0,351;1376;564;0,856;429;399;120;37;210;189;2201;LAL;2009;799,504;117,93599999999999;682,496;482,784;26,841463414634145;5,2317073170731705;4,865853658536586;1,4634146341463414;0,45121951219512196
Kobe Bryant;SG;29;82;775;0,459;415;0,361;1275;742;0,84;517;441;151;40;257;227;2323;LAL;2008;775,71;149,815;624,75;623,28;28,329268292682926;6,304878048780488;5,378048780487805;1,8414634146341464;0,4878048780487805
Kobe Bryant;SG;28;77;813;0,463;398;0,344;1359;768;0,868;439;413;111;36;255;205;2430;LAL;2007;813,491;136,91199999999998;675,423;666,624;31,558441558441558;5,701298701298701;5,363636363636363;1,4415584415584415;0,4675324675324675
Kobe Bryant;SG;27;80;978;0,45;518;0,347;1655;819;0,85;425;360;147;30;250;233;2832;LAL;2006;977,85;179,74599999999998;797,7099999999999;696,15;35,4;5,3125;4,5;1,8375;0,375
Kobe Bryant;SG;26;66;573;0,433;387;0,339;937;664;0,816;392;398;86;53;270;174;1819;LAL;2005;573,292;131,193;442,26399999999995;541,824;27,560606060606062;5,9393939393939394;6,03030303030303;1,303030303030303;0,803030303030303
Kobe Bryant;SG;25;65;516;0,438;217;0,327;961;533;0,852;359;330;112;28;171;176;1557;LAL;2004;515,964;70,959;444,94300000000004;454,116;23,953846153846154;5,523076923076923;5,076923076923077;1,7230769230769232;0,4307692307692308
Kobe Bryant;SG;24;82;868;0,451;324;0,383;1600;713;0,843;564;481;181;67;288;218;2461;LAL;2003;867,724;124,092;744,0;601,059;30,01219512195122;6,878048780487805;5,865853658536586;2,207317073170732;0,8170731707317073
Kobe Bryant;SG;23;80;749;0,469;132;0,25;1465;589;0,829;441;438;118;35;223;228;2019;LAL;2002;748,9929999999999;33,0;716,385;488,28099999999995;25,2375;5,5125;5,475;1,475;0,4375
Kobe Bryant;SG;22;68;701;0,464;200;0,305;1310;557;0,853;399;338;114;43;220;222;1938;LAL;2001;700,64;61,0;640,59;475,121;28,5;5,867647058823529;4,970588235294118;1,6764705882352942;0,6323529411764706
Kobe Bryant;SG;21;66;554;0,468;144;0,319;1039;403;0,821;416;323;106;62;182;220;1485;LAL;2000;553,644;45,936;508,07099999999997;330,863;22,5;6,303030303030303;4,893939393939394;1,606060606060606;0,9393939393939394
Kobe Bryant;SG;20;50;362;0,465;101;0,267;678;292;0,839;264;190;72;50;157;153;996;LAL;1999;362,235;26,967000000000002;334,932;244,988;19,92;5,28;3,8;1,44;1,0
Kobe Bryant;SF;19;79;391;0,428;220;0,341;693;457;0,794;242;199;74;40;157;180;1220;LAL;1998;390,764;75,02000000000001;316,00800000000004;362,858;15,443037974683545;3,0632911392405062;2,518987341772152;0,9367088607594937;0,5063291139240507
Kobe Bryant;SF;18;71;176;0,417;136;0,375;286;166;0,819;132;91;49;23;112;102;539;LAL;1997;175,974;51,0;124,982;135,95399999999998;7,591549295774648;1,8591549295774648;1,2816901408450705;0,6901408450704225;0,323943661971831
Michael Jordan;SF;39;82;679;0,445;55;0,291;1472;324;0,821;497;311;123;39;173;171;1640;WAS;2003;679,515;16,005;662,4;266,00399999999996;20,0;6,060975609756097;3,792682926829268;1,5;0,47560975609756095
Michael Jordan;SF;38;60;551;0,416;53;0,189;1271;333;0,79;339;310;85;26;162;119;1375;WAS;2002;550,784;10,017;541,446;263,07;22,916666666666668;5,65;5,166666666666667;1,4166666666666667;0,43333333333333335
Michael Jordan;SG;34;82;881;0,465;126;0,238;1767;721;0,784;475;283;141;45;185;151;2357;CHI;1998;880,245;29,988;851,694;565,264;28,74390243902439;5,7926829268292686;3,451219512195122;1,7195121951219512;0,5487804878048781
Michael Jordan;SG;33;82;920;0,486;297;0,374;1595;576;0,833;482;352;140;44;166;156;2431;CHI;1997;919,512;111,078;808,665;479,808;29,646341463414632;5,878048780487805;4,2926829268292686;1,7073170731707317;0,5365853658536586
Michael Jordan;SG;32;82;916;0,495;260;0,427;1590;657;0,834;543;352;180;42;197;195;2491;CHI;1996;915,75;111,02;804,54;547,938;30,378048780487806;6,621951219512195;4,2926829268292686;2,1951219512195124;0,5121951219512195
Michael Jordan;SG;31;17;166;0,411;32;0,5;372;136;0,801;117;90;30;13;35;47;457;CHI;1995;166,04399999999998;16,0;149,916;108,936;26,88235294117647;6,882352941176471;5,294117647058823;1,7647058823529411;0,7647058823529411
Michael Jordan;SG;29;78;992;0,495;230;0,352;1773;569;0,837;522;428;221;61;207;188;2541;CHI;1993;991,485;80,96;911,322;476,253;32,57692307692308;6,6923076923076925;5,487179487179487;2,8333333333333335;0,782051282051282
Michael Jordan;SG;21;82;1625;51,5;52;17,3;1573;746;84,4;534;481;196;69;291;285;2313;CHI;1985;837,0;9,0;828,0;630,0;28,20731707317073;6,512195121951219;5,865853658536586;2,3902439024390243;0,8414634146341463
Michael Jordan;SG;22;18;328;45,7;18;16,7;310;125;84,0;64;53;37;21;45;46;408;CHI;1986;150,0;3,0;147,0;105,0;22,666666666666668;3,5555555555555554;2,9444444444444446;2,0555555555555554;1,1666666666666667
Michael Jordan;SG;23;82;2279;48,2;66;18,2;2213;972;85,7;430;377;236;125;272;237;3041;CHI;1987;1098,0;12,0;1086,0;833,0;37,08536585365854;5,2439024390243905;4,597560975609756;2,8780487804878048;1,524390243902439
Michael Jordan;SG;24;82;1998;53,5;53;13,2;1945;860;84,1;449;485;259;131;252;270;2868;CHI;1988;1069,0;7,0;1062,0;723,0;34,97560975609756;5,475609756097561;5,914634146341464;3,158536585365854;1,5975609756097562
Michael Jordan;SG;25;81;1795;53,8;98;27,6;1697;793;85,0;652;650;234;65;290;247;2633;CHI;1989;966,0;27,0;939,0;674,0;32,50617283950617;8,049382716049383;8,024691358024691;2,888888888888889;0,8024691358024691
Michael Jordan;SG;26;82;1964;52,6;245;37,6;1719;699;84,8;565;519;227;54;247;241;2753;CHI;1990;1034,0;92,0;942,0;593,0;33,573170731707314;6,890243902439025;6,329268292682927;2,768292682926829;0,6585365853658537
Michael Jordan;SG;27;82;1837;53,9;93;31,2;1744;671;85,1;492;453;223;83;202;229;2580;CHI;1991;990,0;29,0;961,0;571,0;31,463414634146343;6,0;5,524390243902439;2,7195121951219514;1,0121951219512195
Michael Jordan;SG;28;80;1818;51,9;100;27,0;1718;590;83,2;511;489;182;75;200;201;2404;CHI;1992;943,0;27,0;916,0;491,0;30,05;6,3875;6,1125;2,275;0,9375
