,id,playerName,position,age,games,gamesStarted,minutesPg,fieldGoals,fieldAttempts,fieldPercent,threeFg,threeAttempts,threePercent,twoFg,twoAttempts,twoPercent,effectFgPercent,ft,ftAttempts,ftPercent,offensiveRb,defensiveRb,totalRb,assists,steals,blocks,turnovers,personalFouls,points,team,season,playerId,minutesPlayed,per,tsPercent,threePAR,ftr,offensiveRBPercent,defensiveRBPercent,totalRBPercent,assistPercent,stealPercent,blockPercent,turnoverPercent,usagePercent,offensiveWS,defensiveWS,winShares,winSharesPer,offensiveBox,defensiveBox,box,vorp
0,96,LeBron James,PF,38,16,16.0,619.0,147.0,295.0,0.498,28.0,106.0,0.264,119.0,189.0,0.63,0.546,70.0,92.0,0.761,25.0,133.0,158.0,104.0,17.0,18.0,40.0,28.0,392.0,LAL,2023,jamesle01,,,,,,,,,,,,,,,,,,,,,
1,553,LeBron James,PG,36,6,6.0,224.0,54.0,114.0,0.474,18.0,48.0,0.375,36.0,66.0,0.545,0.553,14.0,23.0,0.609,7.0,36.0,43.0,48.0,9.0,2.0,25.0,7.0,140.0,LAL,2021,jamesle01,,,,,,,,,,,,,,,,,,,,,
2,778,LeBron James,PG,35,21,21.0,762.0,214.0,382.0,0.56,44.0,119.0,0.37,170.0,263.0,0.646,0.618,108.0,150.0,0.72,28.0,198.0,226.0,184.0,26.0,18.0,84.0,40.0,580.0,LAL,2020,jamesle01,,,,,,,,,,,,,,,,,,,,,
3,1197,LeBron James,PF,33,22,22.0,922.0,275.0,510.0,0.539,39.0,114.0,0.342,236.0,396.0,0.596,0.577,159.0,213.0,0.746,31.0,169.0,200.0,198.0,30.0,23.0,94.0,52.0,748.0,CLE,2018,jamesle01,,,,,,,,,,,,,,,,,,,,,
4,1408,LeBron James,SF,32,18,18.0,744.0,217.0,384.0,0.565,44.0,107.0,0.411,173.0,277.0,0.625,0.622,113.0,162.0,0.698,19.0,145.0,164.0,141.0,35.0,23.0,72.0,43.0,591.0,CLE,2017,jamesle01,,,,,,,,,,,,,,,,,,,,,
5,1619,LeBron James,SF,31,21,21.0,822.0,219.0,417.0,0.525,32.0,94.0,0.34,187.0,323.0,0.579,0.564,82.0,124.0,0.661,42.0,158.0,200.0,160.0,49.0,27.0,75.0,54.0,552.0,CLE,2016,jamesle01,,,,,,,,,,,,,,,,,,,,,
6,1844,LeBron James,SF,30,20,20.0,844.0,227.0,544.0,0.417,25.0,110.0,0.227,202.0,434.0,0.465,0.44,122.0,167.0,0.731,37.0,189.0,226.0,169.0,33.0,21.0,82.0,58.0,601.0,CLE,2015,jamesle01,,,,,,,,,,,,,,,,,,,,,
7,2053,LeBron James,PF,29,20,20.0,763.0,192.0,340.0,0.565,35.0,86.0,0.407,157.0,254.0,0.618,0.616,129.0,160.0,0.806,14.0,127.0,141.0,95.0,36.0,11.0,61.0,46.0,548.0,MIA,2014,jamesle01,,,,,,,,,,,,,,,,,,,,,
8,2262,LeBron James,PF,28,23,23.0,960.0,212.0,432.0,0.491,36.0,96.0,0.375,176.0,336.0,0.524,0.532,136.0,175.0,0.777,37.0,156.0,193.0,152.0,41.0,18.0,70.0,43.0,596.0,MIA,2013,jamesle01,,,,,,,,,,,,,,,,,,,,,
9,2475,LeBron James,SF,27,23,23.0,983.0,251.0,502.0,0.5,22.0,85.0,0.259,229.0,417.0,0.549,0.522,173.0,234.0,0.739,54.0,170.0,224.0,129.0,43.0,16.0,81.0,47.0,697.0,MIA,2012,jamesle01,,,,,,,,,,,,,,,,,,,,,
10,2667,LeBron James,SF,26,21,21.0,922.0,174.0,373.0,0.466,30.0,85.0,0.353,144.0,288.0,0.5,0.507,119.0,156.0,0.763,34.0,142.0,176.0,123.0,35.0,25.0,66.0,56.0,497.0,MIA,2011,jamesle01,,,,,,,,,,,,,,,,,,,,,
11,2857,LeBron James,SF,25,11,11.0,460.0,106.0,211.0,0.502,20.0,50.0,0.4,86.0,161.0,0.534,0.55,88.0,120.0,0.733,15.0,87.0,102.0,84.0,19.0,20.0,42.0,23.0,320.0,CLE,2010,jamesle01,,,,,,,,,,,,,,,,,,,,,
12,3048,LeBron James,SF,24,14,14.0,580.0,159.0,312.0,0.51,27.0,81.0,0.333,132.0,231.0,0.571,0.553,149.0,199.0,0.749,19.0,109.0,128.0,102.0,23.0,12.0,38.0,30.0,494.0,CLE,2009,jamesle01,,,,,,,,,,,,,,,,,,,,,
13,3257,LeBron James,SF,23,13,13.0,552.0,113.0,275.0,0.411,18.0,70.0,0.257,95.0,205.0,0.463,0.444,122.0,167.0,0.731,16.0,86.0,102.0,99.0,23.0,17.0,54.0,33.0,366.0,CLE,2008,jamesle01,,,,,,,,,,,,,,,,,,,,,
14,3461,LeBron James,SF,22,20,20.0,893.0,166.0,399.0,0.416,21.0,75.0,0.28,145.0,324.0,0.448,0.442,148.0,196.0,0.755,26.0,135.0,161.0,159.0,34.0,10.0,66.0,40.0,501.0,CLE,2007,jamesle01,,,,,,,,,,,,,,,,,,,,,
15,3638,LeBron James,SF,21,13,13.0,604.0,146.0,307.0,0.476,21.0,63.0,0.333,125.0,244.0,0.512,0.51,87.0,118.0,0.737,22.0,83.0,105.0,76.0,18.0,9.0,65.0,44.0,400.0,CLE,2006,jamesle01,,,,,,,,,,,,,,,,,,,,,
16,6271,LeBron James,PF,39,5,5.0,204.0,56.0,99.0,0.566,10.0,26.0,0.385,46.0,73.0,0.63,0.616,17.0,23.0,0.739,4.0,30.0,34.0,44.0,12.0,5.0,19.0,11.0,139.0,LAL,2024,jamesle01,,,,,,,,,,,,,,,,,,,,,
17,2395,Kobe Bryant*,SG,33,12,12.0,476.0,132.0,301.0,0.439,17.0,60.0,0.283,115.0,241.0,0.477,0.467,79.0,95.0,0.832,16.0,42.0,58.0,52.0,16.0,2.0,34.0,33.0,360.0,LAL,2012,bryanko01,,,,,,,,,,,,,,,,,,,,,
18,2602,Kobe Bryant*,SG,32,10,10.0,354.0,83.0,186.0,0.446,12.0,41.0,0.293,71.0,145.0,0.49,0.478,50.0,61.0,0.82,8.0,26.0,34.0,33.0,16.0,3.0,31.0,23.0,228.0,LAL,2011,bryanko01,,,,,,,,,,,,,,,,,,,,,
19,2794,Kobe Bryant*,SG,31,23,23.0,923.0,234.0,511.0,0.458,49.0,131.0,0.374,185.0,380.0,0.487,0.506,154.0,183.0,0.842,26.0,112.0,138.0,126.0,31.0,16.0,79.0,75.0,671.0,LAL,2010,bryanko01,,,,,,,,,,,,,,,,,,,,,
20,2992,Kobe Bryant*,SG,30,23,23.0,940.0,242.0,530.0,0.457,37.0,106.0,0.349,205.0,424.0,0.483,0.492,174.0,197.0,0.883,19.0,104.0,123.0,126.0,38.0,21.0,59.0,59.0,695.0,LAL,2009,bryanko01,,,,,,,,,,,,,,,,,,,,,
21,3194,Kobe Bryant*,SG,29,21,21.0,863.0,222.0,463.0,0.479,32.0,106.0,0.302,190.0,357.0,0.532,0.514,157.0,194.0,0.809,18.0,101.0,119.0,117.0,35.0,8.0,70.0,59.0,633.0,LAL,2008,bryanko01,,,,,,,,,,,,,,,,,,,,,
22,3395,Kobe Bryant*,SG,28,5,5.0,215.0,60.0,130.0,0.462,10.0,28.0,0.357,50.0,102.0,0.49,0.5,34.0,37.0,0.919,1.0,25.0,26.0,22.0,5.0,2.0,22.0,10.0,164.0,LAL,2007,bryanko01,,,,,,,,,,,,,,,,,,,,,
23,3573,Kobe Bryant*,SG,27,7,7.0,314.0,72.0,145.0,0.497,14.0,35.0,0.4,58.0,110.0,0.527,0.545,37.0,48.0,0.771,4.0,40.0,44.0,36.0,8.0,3.0,33.0,25.0,195.0,LAL,2006,bryanko01,,,,,,,,,,,,,,,,,,,,,
24,3961,Kobe Bryant*,SG,25,22,22.0,973.0,190.0,460.0,0.413,24.0,97.0,0.247,166.0,363.0,0.457,0.439,135.0,166.0,0.813,18.0,86.0,104.0,121.0,42.0,7.0,61.0,59.0,539.0,LAL,2004,bryanko01,,,,,,,,,,,,,,,,,,,,,
25,4146,Kobe Bryant*,SG,24,12,12.0,531.0,137.0,317.0,0.432,25.0,62.0,0.403,112.0,255.0,0.439,0.472,86.0,104.0,0.827,16.0,45.0,61.0,62.0,14.0,1.0,42.0,35.0,385.0,LAL,2003,bryanko01,,,,,,,,,,,,,,,,,,,,,
26,4337,Kobe Bryant*,SG,23,19,19.0,833.0,187.0,431.0,0.434,22.0,58.0,0.379,165.0,373.0,0.442,0.459,110.0,145.0,0.759,28.0,83.0,111.0,87.0,27.0,17.0,54.0,65.0,506.0,LAL,2002,bryanko01,,,,,,,,,,,,,,,,,,,,,
27,4519,Kobe Bryant*,SG,22,16,16.0,694.0,168.0,358.0,0.469,11.0,34.0,0.324,157.0,324.0,0.485,0.485,124.0,151.0,0.821,29.0,87.0,116.0,97.0,25.0,12.0,51.0,53.0,471.0,LAL,2001,bryanko01,,,,,,,,,,,,,,,,,,,,,
28,4708,Kobe Bryant*,SG,21,22,22.0,857.0,174.0,394.0,0.442,22.0,64.0,0.344,152.0,330.0,0.461,0.47,95.0,126.0,0.754,26.0,72.0,98.0,97.0,32.0,32.0,55.0,89.0,465.0,LAL,2000,bryanko01,,,,,,,,,,,,,,,,,,,,,
29,4888,Kobe Bryant*,SG,20,8,8.0,315.0,61.0,142.0,0.43,8.0,23.0,0.348,53.0,119.0,0.445,0.458,28.0,35.0,0.8,13.0,42.0,55.0,37.0,15.0,10.0,31.0,24.0,158.0,LAL,1999,bryanko01,,,,,,,,,,,,,,,,,,,,,
30,5080,Kobe Bryant*,SF,19,11,0.0,220.0,31.0,76.0,0.408,3.0,14.0,0.214,28.0,62.0,0.452,0.428,31.0,45.0,0.689,7.0,14.0,21.0,16.0,3.0,8.0,11.0,28.0,96.0,LAL,1998,bryanko01,,,,,,,,,,,,,,,,,,,,,
31,5266,Kobe Bryant*,SF,18,9,0.0,133.0,21.0,55.0,0.382,6.0,23.0,0.261,15.0,32.0,0.469,0.436,26.0,30.0,0.867,1.0,10.0,11.0,11.0,3.0,2.0,14.0,23.0,74.0,LAL,1997,bryanko01,,,,,,,,,,,,,,,,,,,,,
32,307,LeBron James,PF,38,55,,,,,,,,,,,,,,,,,,,,,,,,,LAL,2023,jamesle01,1954.0,23.9,0.583,0.309,0.268,3.7,20.8,12.5,33.5,1.2,1.4,11.6,33.3,3.2,2.4,5.6,0.138,5.5,0.6,6.1,4.0
33,1048,LeBron James,C,37,56,,,,,,,,,,,,,,,,,,,,,,,,,LAL,2022,jamesle01,2084.0,26.2,0.619,0.367,0.275,3.3,20.4,11.8,30.6,1.7,2.5,12.5,32.3,5.2,2.3,7.5,0.172,6.9,0.8,7.7,5.1
34,1821,LeBron James,PG,36,45,,,,,,,,,,,,,,,,,,,,,,,,,LAL,2021,jamesle01,1504.0,24.2,0.602,0.346,0.31,2.2,23.6,12.9,41.8,1.6,1.5,15.2,31.9,3.0,2.6,5.6,0.179,5.9,2.3,8.1,3.8
35,2517,LeBron James,PG,35,67,,,,,,,,,,,,,,,,,,,,,,,,,LAL,2020,jamesle01,2316.0,25.5,0.577,0.326,0.292,3.2,21.5,12.4,49.1,1.6,1.4,15.1,31.5,6.2,3.6,9.8,0.204,6.6,1.8,8.4,6.1
36,3183,LeBron James,SF,34,55,,,,,,,,,,,,,,,,,,,,,,,,,LAL,2019,jamesle01,1937.0,25.6,0.588,0.299,0.382,3.1,21.3,12.4,39.4,1.7,1.4,13.3,31.6,4.7,2.6,7.2,0.179,6.4,1.7,8.0,4.9
37,3860,LeBron James,PF,33,82,,,,,,,,,,,,,,,,,,,,,,,,,CLE,2018,jamesle01,3026.0,28.6,0.621,0.257,0.336,3.7,22.3,13.1,44.4,1.9,2.0,16.1,31.6,11.0,3.0,14.0,0.221,7.3,1.4,8.7,8.2
38,4490,LeBron James,SF,32,74,,,,,,,,,,,,,,,,,,,,,,,,,CLE,2017,jamesle01,2794.0,27.0,0.619,0.254,0.395,4.0,20.7,12.6,41.3,1.6,1.3,16.1,30.0,9.8,3.0,12.9,0.221,6.4,1.2,7.6,6.7
39,5080,LeBron James,SF,31,76,,,,,,,,,,,,,,,,,,,,,,,,,CLE,2016,jamesle01,2709.0,27.5,0.588,0.199,0.347,4.7,18.8,11.8,36.0,2.0,1.5,13.2,31.4,9.6,4.0,13.6,0.242,7.0,2.0,9.0,7.5
40,5685,LeBron James,SF,30,69,,,,,,,,,,,,,,,,,,,,,,,,,CLE,2015,jamesle01,2493.0,25.9,0.577,0.265,0.413,2.4,16.6,9.6,38.6,2.3,1.6,15.3,32.3,7.4,2.9,10.4,0.199,6.1,1.0,7.1,5.7
41,6340,LeBron James,PF,29,77,,,,,,,,,,,,,,,,,,,,,,,,,MIA,2014,jamesle01,2902.0,29.3,0.649,0.226,0.432,3.6,18.9,11.5,32.0,2.2,0.8,14.4,31.0,12.3,3.7,15.9,0.264,7.8,1.1,8.8,7.9
42,6910,LeBron James,PF,28,76,,,,,,,,,,,,,,,,,,,,,,,,,MIA,2013,jamesle01,2877.0,31.6,0.64,0.188,0.395,4.4,20.8,13.1,36.4,2.4,1.9,12.4,30.2,14.6,4.7,19.3,0.322,9.3,2.4,11.7,9.9
43,7497,LeBron James,SF,27,62,,,,,,,,,,,,,,,,,,,,,,,,,MIA,2012,jamesle01,2326.0,30.7,0.605,0.127,0.429,5.0,19.7,12.6,33.6,2.6,1.7,13.3,32.0,10.0,4.5,14.5,0.298,8.2,2.7,10.9,7.6
44,8090,LeBron James,SF,26,79,,,,,,,,,,,,,,,,,,,,,,,,,MIA,2011,jamesle01,3063.0,27.3,0.594,0.188,0.446,3.3,18.7,11.4,34.9,2.1,1.3,13.8,31.5,10.3,5.3,15.6,0.244,6.3,1.8,8.1,7.8
45,8689,LeBron James,SF,25,76,,,,,,,,,,,,,,,,,,,,,,,,,CLE,2010,jamesle01,2966.0,31.1,0.604,0.253,0.506,3.0,18.5,11.1,41.8,2.2,2.0,12.3,33.5,13.3,5.2,18.5,0.299,9.1,2.8,11.8,10.3
46,9254,LeBron James,SF,24,81,,,,,,,,,,,,,,,,,,,,,,,,,CLE,2009,jamesle01,3054.0,31.7,0.591,0.238,0.472,4.3,19.0,11.9,38.0,2.4,2.4,11.0,33.8,13.7,6.5,20.3,0.318,9.5,3.7,13.2,11.8
47,9838,LeBron James,SF,23,75,,,,,,,,,,,,,,,,,,,,,,,,,CLE,2008,jamesle01,3027.0,29.1,0.568,0.219,0.47,4.9,17.8,11.1,37.3,2.4,2.1,11.4,33.5,10.7,4.6,15.2,0.242,8.2,2.6,10.9,9.8
48,10393,LeBron James,SF,22,78,,,,,,,,,,,,,,,,,,,,,,,,,CLE,2007,jamesle01,3190.0,24.5,0.552,0.191,0.432,3.0,16.6,9.6,29.1,2.1,1.3,11.5,31.0,8.0,5.7,13.7,0.206,5.9,2.2,8.1,8.1
49,10931,LeBron James,SF,21,79,,,,,,,,,,,,,,,,,,,,,,,,,CLE,2006,jamesle01,3361.0,28.1,0.568,0.208,0.447,2.6,17.1,9.8,32.8,2.0,1.5,10.7,33.6,12.0,4.3,16.3,0.232,7.5,1.6,9.1,9.4
50,11506,LeBron James,SF,20,80,,,,,,,,,,,,,,,,,,,,,,,,,CLE,2005,jamesle01,3388.0,25.7,0.554,0.183,0.378,3.8,17.0,10.2,32.9,2.8,1.1,11.8,29.7,9.7,4.6,14.3,0.203,7.0,1.7,8.6,9.1
51,12079,LeBron James,SG,19,79,,,,,,,,,,,,,,,,,,,,,,,,,CLE,2004,jamesle01,3122.0,18.3,0.488,0.145,0.308,3.5,11.8,7.6,27.8,2.2,1.3,13.9,28.2,2.4,2.6,5.1,0.078,2.3,-0.6,1.7,2.9
52,18304,LeBron James,PF,39,71,,,,,,,,,,,,,,,,,,,,,,,,,LAL,2024,jamesle01,2504.0,23.7,0.63,0.286,0.318,2.8,19.3,11.5,37.5,1.7,1.3,14.5,29.2,5.7,2.8,8.5,0.164,5.5,0.9,6.5,5.4
53,19224,LeBron James,SF,40,38,,,,,,,,,,,,,,,,,,,,,,,,,LAL,2025,jamesle01,1328.0,22.6,0.603,0.319,0.236,2.9,21.3,12.2,44.2,1.3,1.6,16.2,29.6,2.6,1.1,3.7,0.134,5.1,0.2,5.3,2.5
