,id,playerName,position,age,games,gamesStarted,minutesPg,fieldGoals,fieldAttempts,fieldPercent,threeFg,threeAttempts,threePercent,twoFg,twoAttempts,twoPercent,effectFgPercent,ft,ftAttempts,ftPercent,offensiveRb,defensiveRb,totalRb,assists,steals,blocks,turnovers,personalFouls,points,team,season,playerId
0,307,LeBron James,PF,38,55,54,1954.0,609,1219,0.5,121,377,0.321,488,842,0.58,0.549,251,327,0.768,65,392,457,375,50,32,178,88,1590,LAL,2023,jamesle01
1,1048,LeBron James,C,37,56,56,2084.0,640,1221,0.524,161,448,0.359,479,773,0.62,0.59,254,336,0.756,63,396,459,349,73,59,196,121,1695,LAL,2022,jamesle01
2,1821,LeBron James,PG,36,45,45,1504.0,422,823,0.513,104,285,0.365,318,538,0.591,0.576,178,255,0.698,29,317,346,350,48,25,168,70,1126,LAL,2021,jamesle01
3,2517,LeBron James,PG,35,67,67,2316.0,643,1303,0.493,148,425,0.348,495,878,0.564,0.55,264,381,0.693,66,459,525,684,78,36,261,118,1698,LAL,2020,jamesle01
4,3183,LeBron James,SF,34,55,55,1937.0,558,1095,0.51,111,327,0.339,447,768,0.582,0.56,278,418,0.665,57,408,465,454,72,33,197,94,1505,LAL,2019,jamesle01
5,3860,LeBron James,PF,33,82,82,3026.0,857,1580,0.542,149,406,0.367,708,1174,0.603,0.59,388,531,0.731,97,612,709,747,116,71,347,136,2251,CLE,2018,jamesle01
6,4490,LeBron James,SF,32,74,74,2794.0,736,1344,0.548,124,342,0.363,612,1002,0.611,0.594,358,531,0.674,97,542,639,646,92,44,303,134,1954,CLE,2017,jamesle01
7,5080,LeBron James,SF,31,76,76,2709.0,737,1416,0.52,87,282,0.309,650,1134,0.573,0.551,359,491,0.731,111,454,565,514,104,49,249,143,1920,CLE,2016,jamesle01
8,5685,LeBron James,SF,30,69,69,2493.0,624,1279,0.488,120,339,0.354,504,940,0.536,0.535,375,528,0.71,51,365,416,511,109,49,272,135,1743,CLE,2015,jamesle01
9,6340,LeBron James,PF,29,77,77,2902.0,767,1353,0.567,116,306,0.379,651,1047,0.622,0.61,439,585,0.75,81,452,533,488,121,26,270,126,2089,MIA,2014,jamesle01
10,6910,LeBron James,PF,28,76,76,2877.0,765,1354,0.565,103,254,0.406,662,1100,0.602,0.603,403,535,0.753,97,513,610,551,129,67,226,110,2036,MIA,2013,jamesle01
11,7497,LeBron James,SF,27,62,62,2326.0,621,1169,0.531,54,149,0.362,567,1020,0.556,0.554,387,502,0.771,94,398,492,387,115,50,213,96,1683,MIA,2012,jamesle01
12,8090,LeBron James,SF,26,79,79,3063.0,758,1485,0.51,92,279,0.33,666,1206,0.552,0.541,503,663,0.759,80,510,590,554,124,50,284,163,2111,MIA,2011,jamesle01
13,8689,LeBron James,SF,25,76,76,2966.0,768,1528,0.503,129,387,0.333,639,1141,0.56,0.545,593,773,0.767,71,483,554,651,125,77,261,119,2258,CLE,2010,jamesle01
14,9254,LeBron James,SF,24,81,81,3054.0,789,1613,0.489,132,384,0.344,657,1229,0.535,0.53,594,762,0.78,106,507,613,587,137,93,241,139,2304,CLE,2009,jamesle01
15,9838,LeBron James,SF,23,75,74,3027.0,794,1642,0.484,113,359,0.315,681,1283,0.531,0.518,549,771,0.712,133,459,592,539,138,81,255,165,2250,CLE,2008,jamesle01
16,10393,LeBron James,SF,22,78,78,3190.0,772,1621,0.476,99,310,0.319,673,1311,0.513,0.507,489,701,0.698,83,443,526,470,125,55,250,171,2132,CLE,2007,jamesle01
17,10931,LeBron James,SF,21,79,79,3361.0,875,1823,0.48,127,379,0.335,748,1444,0.518,0.515,601,814,0.738,75,481,556,521,123,66,260,181,2478,CLE,2006,jamesle01
18,11506,LeBron James,SF,20,80,80,3388.0,795,1684,0.472,108,308,0.351,687,1376,0.499,0.504,477,636,0.75,111,477,588,577,177,52,262,146,2175,CLE,2005,jamesle01
19,12079,LeBron James,SG,19,79,79,3122.0,622,1492,0.417,63,217,0.29,559,1275,0.438,0.438,347,460,0.754,99,333,432,465,130,58,273,149,1654,CLE,2004,jamesle01
20,18304,LeBron James,PF,39,71,71,2504.0,685,1269,0.54,149,363,0.41,536,906,0.592,0.599,303,404,0.75,61,457,518,589,89,38,245,78,1822,LAL,2024,jamesle01
21,18731,LeBron James,SF,40,38,38,1328.0,347,677,0.513,86,216,0.398,261,461,0.566,0.576,122,160,0.763,34,251,285,341,34,23,145,54,902,LAL,2025,jamesle01
22,4884,Kobe Bryant*,SF,37,66,66,1863.0,398,1113,0.358,133,467,0.285,265,646,0.41,0.417,232,281,0.826,41,206,247,184,62,13,129,115,1161,LAL,2016,bryanko01
23,5472,Kobe Bryant*,SG,36,35,35,1207.0,266,713,0.373,54,184,0.293,212,529,0.401,0.411,196,241,0.813,26,173,199,197,47,7,128,65,782,LAL,2015,bryanko01
24,6139,Kobe Bryant*,SG,35,6,6,177.0,31,73,0.425,3,16,0.188,28,57,0.491,0.445,18,21,0.857,2,24,26,38,7,1,34,9,83,LAL,2014,bryanko01
25,6733,Kobe Bryant*,SG,34,78,78,3013.0,738,1595,0.463,132,407,0.324,606,1188,0.51,0.504,525,626,0.839,66,367,433,469,106,25,287,173,2133,LAL,2013,bryanko01
26,7297,Kobe Bryant*,SG,33,58,58,2232.0,574,1336,0.43,87,287,0.303,487,1049,0.464,0.462,381,451,0.845,66,247,313,264,69,18,204,105,1616,LAL,2012,bryanko01
27,7878,Kobe Bryant*,SG,32,82,82,2779.0,740,1639,0.451,115,356,0.323,625,1283,0.487,0.487,483,583,0.828,83,336,419,388,99,12,243,172,2078,LAL,2011,bryanko01
28,8488,Kobe Bryant*,SG,31,73,73,2835.0,716,1569,0.456,99,301,0.329,617,1268,0.487,0.488,439,541,0.811,78,313,391,365,113,20,233,187,1970,LAL,2010,bryanko01
29,9071,Kobe Bryant*,SG,30,82,82,2960.0,800,1712,0.467,118,336,0.351,682,1376,0.496,0.502,483,564,0.856,90,339,429,399,120,37,210,189,2201,LAL,2009,bryanko01
30,9646,Kobe Bryant*,SG,29,82,82,3192.0,775,1690,0.459,150,415,0.361,625,1275,0.49,0.503,623,742,0.84,94,423,517,441,151,40,257,227,2323,LAL,2008,bryanko01
31,10228,Kobe Bryant*,SG,28,77,77,3140.0,813,1757,0.463,137,398,0.344,676,1359,0.497,0.502,667,768,0.868,75,364,439,413,111,36,255,205,2430,LAL,2007,bryanko01
32,10755,Kobe Bryant*,SG,27,80,80,3277.0,978,2173,0.45,180,518,0.347,798,1655,0.482,0.491,696,819,0.85,71,354,425,360,147,30,250,233,2832,LAL,2006,bryanko01
33,11321,Kobe Bryant*,SG,26,66,66,2689.0,573,1324,0.433,131,387,0.339,442,937,0.472,0.482,542,664,0.816,95,297,392,398,86,53,270,174,1819,LAL,2005,bryanko01
34,11909,Kobe Bryant*,SG,25,65,64,2447.0,516,1178,0.438,71,217,0.327,445,961,0.463,0.468,454,533,0.852,103,256,359,330,112,28,171,176,1557,LAL,2004,bryanko01
35,12472,Kobe Bryant*,SG,24,82,82,3401.0,868,1924,0.451,124,324,0.383,744,1600,0.465,0.483,601,713,0.843,106,458,564,481,181,67,288,218,2461,LAL,2003,bryanko01
36,12964,Kobe Bryant*,SG,23,80,80,3063.0,749,1597,0.469,33,132,0.25,716,1465,0.489,0.479,488,589,0.829,112,329,441,438,118,35,223,228,2019,LAL,2002,bryanko01
37,13452,Kobe Bryant*,SG,22,68,68,2783.0,701,1510,0.464,61,200,0.305,640,1310,0.489,0.484,475,557,0.853,104,295,399,338,114,43,220,222,1938,LAL,2001,bryanko01
38,13995,Kobe Bryant*,SG,21,66,62,2524.0,554,1183,0.468,46,144,0.319,508,1039,0.489,0.488,331,403,0.821,108,308,416,323,106,62,182,220,1485,LAL,2000,bryanko01
39,14483,Kobe Bryant*,SG,20,50,50,1896.0,362,779,0.465,27,101,0.267,335,678,0.494,0.482,245,292,0.839,53,211,264,190,72,50,157,153,996,LAL,1999,bryanko01
40,14996,Kobe Bryant*,SF,19,79,1,2056.0,391,913,0.428,75,220,0.341,316,693,0.456,0.469,363,457,0.794,79,163,242,199,74,40,157,180,1220,LAL,1998,bryanko01
41,15539,Kobe Bryant*,SF,18,71,6,1103.0,176,422,0.417,51,136,0.375,125,286,0.437,0.477,136,166,0.819,47,85,132,91,49,23,112,102,539,LAL,1997,bryanko01
42,12642,Michael Jordan*,SF,39,82,67,3031.0,679,1527,0.445,16,55,0.291,663,1472,0.45,0.45,266,324,0.821,71,426,497,311,123,39,173,171,1640,WAS,2003,jordami01
43,13137,Michael Jordan*,SF,38,60,53,2093.0,551,1324,0.416,10,53,0.189,541,1271,0.426,0.42,263,333,0.79,50,289,339,310,85,26,162,119,1375,WAS,2002,jordami01
44,15171,Michael Jordan*,SG,34,82,82,3181.0,881,1893,0.465,30,126,0.238,851,1767,0.482,0.473,565,721,0.784,130,345,475,283,141,45,185,151,2357,CHI,1998,jordami01
45,15734,Michael Jordan*,SG,33,82,82,3106.0,920,1892,0.486,111,297,0.374,809,1595,0.507,0.516,480,576,0.833,113,369,482,352,140,44,166,156,2431,CHI,1997,jordami01
46,16287,Michael Jordan*,SG,32,82,82,3090.0,916,1850,0.495,111,260,0.427,805,1590,0.506,0.525,548,657,0.834,148,395,543,352,180,42,197,195,2491,CHI,1996,jordami01
47,16805,Michael Jordan*,SG,31,17,17,668.0,166,404,0.411,16,32,0.5,150,372,0.403,0.431,109,136,0.801,25,92,117,90,30,13,35,47,457,CHI,1995,jordami01
48,17728,Michael Jordan*,SG,29,78,78,3067.0,992,2003,0.495,81,230,0.352,911,1773,0.514,0.515,476,569,0.837,135,387,522,428,221,61,207,188,2541,CHI,1993,jordami01
