,SEASON,TEAM,FG,FG%,3PT,3P%,FT,FT%,OR,DR,REB,AST,BLK,STL,PF,TO,PTS
0,1985,CHI,34-78,43.6,1-8,12.5,48-58,82.8,7,16,23,34,4,11,15,15,117
1,1986,CHI,48-95,50.5,1-1,100.0,34-39,87.2,5,14,19,17,4,7,13,14,131
2,1987,CHI,35-84,41.7,2-5,40.0,35-39,89.7,7,14,21,18,7,6,11,8,107
3,1988,CHI,138-260,53.1,1-3,33.3,86-99,86.9,23,48,71,47,11,24,38,39,363
4,1989,CHI,199-390,51.0,10-35,28.6,183-229,79.9,26,93,119,130,13,42,65,68,591
5,1990,CHI,219-426,51.4,16-50,32.0,133-159,83.6,24,91,115,109,14,45,54,56,587
6,1991,CHI,197-376,52.4,10-26,38.5,125-148,84.5,18,90,108,142,23,40,53,43,529
7,1992,CHI,290-581,49.9,17-44,38.6,162-189,85.7,37,100,137,127,16,44,62,81,759
8,1993,CHI,251-528,47.5,28-72,38.9,136-169,80.5,32,96,128,114,17,39,58,45,666
9,1994-95,CHI,120-248,48.4,11-30,36.7,64-79,81.0,20,45,65,45,14,23,30,41,315
10,1995-96,CHI,187-407,45.9,25-62,40.3,153-187,81.8,31,58,89,74,6,33,49,42,552
11,1996-97,CHI,227-498,45.6,13-67,19.4,123-148,83.1,42,108,150,91,17,30,46,49,590
12,1997-98,CHI,243-526,46.2,13-43,30.2,181-223,81.2,33,74,107,74,12,32,47,45,680
