,SEASON,TEAM,FG,FG%,3PT,3P%,FT,FT%,OR,DR,REB,AST,BLK,STL,PF,TO,PTS
0,1985,CHI,837-1625,51.5,9-52,17.3,630-746,84.4,167,367,534,481,69,196,285,291,2313
1,1986,CHI,150-328,45.7,3-18,16.7,105-125,84.0,23,41,64,53,21,37,46,45,408
2,1987,CHI,1098-2279,48.2,12-66,18.2,833-972,85.7,166,264,430,377,125,236,237,272,3041
3,1988,CHI,1069-1998,53.5,7-53,13.2,723-860,84.1,139,310,449,485,131,259,270,252,2868
4,1989,CHI,966-1795,53.8,27-98,27.6,674-793,85.0,149,503,652,650,65,234,247,290,2633
5,1990,CHI,1034-1964,52.6,92-245,37.6,593-699,84.8,143,422,565,519,54,227,241,247,2753
6,1991,CHI,990-1837,53.9,29-93,31.2,571-671,85.1,118,374,492,453,83,223,229,202,2580
7,1992,CHI,943-1818,51.9,27-100,27.0,491-590,83.2,91,420,511,489,75,182,201,200,2404
8,1993,CHI,992-2003,49.5,81-230,35.2,476-569,83.7,135,387,522,428,61,221,188,207,2541
9,1994-95,CHI,166-404,41.1,16-32,50.0,109-136,80.1,25,92,117,90,13,30,47,35,457
10,1995-96,CHI,916-1850,49.5,111-260,42.7,548-657,83.4,148,395,543,352,42,180,195,197,2491
11,1996-97,CHI,920-1892,48.6,111-297,37.4,480-576,83.3,113,369,482,352,44,140,156,166,2431
12,1997-98,CHI,881-1893,46.5,30-126,23.8,565-721,78.4,130,345,475,283,45,141,151,185,2357
13,2001-02,WSH,551-1324,41.6,10-53,18.9,263-333,79.0,50,289,339,310,26,85,119,162,1375
14,2002-03,WSH,679-1527,44.5,16-55,29.1,266-324,82.1,71,426,497,311,39,123,171,173,1640
